0,2061,2061
1,4799,6421
2,937,2945
3,937,281
4,937,5119
5,937,5577
6,2518,4059
7,937,469
8,3978,1004
9,937,2032
10,937,4945
11,937,3826
12,937,3259
13,937,937
14,937,3915
15,937,1046
16,937,2064
17,4672,2945
18,5536,1435
19,2122,2122
20,1308,3978
21,937,4543
22,3978,1667
23,5377,2174
24,6276,2945
25,937,3238
26,5536,5377
27,937,1816
28,6187,4799
29,937,3146
30,6036,5918
31,5377,2651
32,5136,5136
33,0,5110
34,59,3146
35,937,4260
36,4799,2567
37,4799,1354
38,2518,2518
39,2945,791
40,937,3556
41,3833,2759
42,5648,4582
43,937,2813
44,167,2945
45,937,1476
46,937,962
47,6214,3653
48,0,2813
49,5648,579
50,3097,3885
51,6187,1390
52,2710,2710
53,937,4266
54,5536,5459
55,937,1953
56,937,5377
57,937,4195
58,937,4335
59,5377,1858
60,937,6095
61,2813,59
62,937,4162
63,937,5176
64,1308,2792
65,2122,6438
66,937,2122
67,937,5377
68,4582,530
69,1138,6327
70,937,59
71,5377,5377
72,937,937
73,937,5204
74,4038,4038
75,937,3725
76,3978,4303
77,5536,2518
78,5377,5377
79,937,937
80,937,401
81,3514,3645
82,937,4582
83,3978,2259
84,937,937
85,1308,3564
86,937,2757
87,937,5136
88,6187,2064
89,0,4561
90,937,895
91,937,3324
92,937,3953
93,937,530
94,0,1597
95,5536,2351
96,937,3622
97,6187,1920
98,937,5654
99,2122,6484
100,3978,1322
101,937,6476
102,2945,1790
103,937,2758
104,937,5459
105,0,5518
106,1476,1476
107,937,3385
108,4672,4677
109,937,5119
110,1816,6512
111,3146,2442
112,3978,4677
113,5882,3268
114,5536,167
115,411,3568
116,6187,3733
117,937,80
118,5536,5119
119,2945,5425
120,937,549
121,937,5405
122,5536,2122
123,1308,2710
124,6187,3953
125,2945,2442
126,937,1790
127,5377,6188
128,937,5454
129,763,3653
130,937,323
131,937,4982
132,5536,5510
133,4038,1140
134,937,5648
135,937,1953
136,411,12
137,3978,3396
138,937,3097
139,5536,3097
140,4799,2472
141,2122,3268
142,937,3932
143,2945,3389
144,2122,1118
145,937,4260
146,5162,5648
147,3978,1953
148,937,4799
149,937,5380
150,937,2809
151,937,2122
152,937,3717
153,2122,265
154,5536,5536
155,4799,5801
156,937,5431
157,937,2351
158,4799,6097
159,2945,1531
160,937,4827
161,5377,5179
162,937,1396
163,6187,1735
164,6187,1421
165,6187,749
166,5774,4018
167,167,1396
168,5536,2442
169,5377,1176
170,937,3978
171,0,4720
172,937,1785
173,5536,32
174,5377,3134
175,0,3622
176,937,4945
177,937,1318
178,937,4827
179,937,937
180,937,3144
181,937,2260
182,2122,6484
183,937,6095
184,937,5884
185,937,2021
186,5377,3309
187,2122,3242
188,2021,6422
189,937,5536
190,937,1308
191,5536,5536
192,2122,6036
193,937,5685
194,0,5847
195,916,6294
196,937,937
197,937,5536
198,1019,4270
199,937,4295
200,937,4639
201,4619,4038
202,6187,2483
203,0,3483
204,937,2144
205,937,4799
206,513,4788
207,937,4635
208,2809,5140
209,937,1476
210,3978,2391
211,937,4932
212,0,2851
213,937,937
214,1816,2358
215,5536,3554
216,937,937
217,937,2518
218,1856,4945
219,937,2809
220,4917,4162
221,937,937
222,937,937
223,937,6479
224,0,1947
225,0,937
226,937,3826
227,937,2945
228,1790,4270
229,937,3268
230,937,937
231,5377,5377
232,5536,628
233,1953,2122
234,937,6100
235,937,2356
236,1308,2437
237,937,4917
238,937,167
239,2122,937
240,937,1318
241,937,947
242,937,1308
243,4672,5636
244,5882,1679
245,937,3375
246,937,4945
247,4672,5537
248,937,3268
249,2122,4959
250,937,4335
251,5162,5510
252,937,2442
253,1308,5797
254,937,2178
255,937,5537
256,937,2805
257,4672,964
258,5377,5882
259,4799,4799
260,3597,3597
261,1308,1111
262,3514,937
263,6187,3371
264,3978,1920
265,3978,3978
266,6187,3969
267,5536,1679
268,937,1308
269,937,3003
270,5377,5377
271,4799,6294
272,937,4563
273,2061,6103
274,937,935
275,937,5892
276,5536,1176
277,937,937
278,0,2866
279,2518,4619
280,5377,4009
281,937,4243
282,937,5383
283,1679,5648
284,3978,6422
285,937,3029
286,937,937
287,2945,762
288,937,4563
289,937,4043
290,2122,2813
291,6187,6187
292,5774,4539
293,937,2356
294,937,1495
295,5377,4317
296,265,3125
297,937,4266
298,3978,281
299,937,3630
300,2945,4317
301,6187,5174
302,0,4842
303,0,1931
304,3097,5250
305,937,5648
306,937,5119
307,3978,5418
308,5377,3268
309,937,763
310,5536,3978
311,1448,4361
312,1308,5536
313,2813,59
314,1308,3447
315,937,5752
316,937,2079
317,5136,265
318,937,1176
319,937,5908
320,937,2945
321,937,154
322,937,4843
323,937,5970
324,2945,4799
325,937,3653
326,1198,6516
327,5648,4885
328,937,3733
329,937,1308
330,937,5884
331,937,379
332,0,2580
333,5536,5612
334,937,2021
335,0,366
336,5536,2333
337,2375,2319
338,937,837
339,937,602
340,4038,5648
341,937,5752
342,937,2351
343,937,3334
344,937,5884
345,937,6095
346,5377,5377
347,1953,3371
348,6187,6187
349,234,6126
350,937,937
351,3622,2323
352,0,1235
353,167,4498
354,937,5536
355,937,3029
356,3978,937
357,2122,6568
358,937,949
359,937,2518
360,937,1955
361,937,1308
362,5377,3826
363,937,1550
364,2061,2945
365,937,4799
366,937,5362
367,210,4539
368,0,937
369,5536,4639
370,5377,4799
371,937,765
372,1476,1576
373,5377,5204
374,937,5136
375,937,5119
376,937,2342
377,4799,2710
378,937,4772
379,937,3857
380,937,5536
381,937,5119
382,937,4379
383,937,3309
384,937,2006
385,2813,5648
386,937,6081
387,5536,1772
388,4945,4362
389,1308,1308
390,937,3240
391,0,579
392,937,1396
393,937,4216
394,1679,1308
395,937,6386
396,6187,5119
397,5377,2945
398,937,6352
399,937,6187
400,937,2122
401,937,3213
402,5136,2851
403,937,2805
404,937,5536
405,937,5774
406,937,5377
407,937,2483
408,5882,5882
409,1308,1308
410,0,2809
411,937,5884
412,5536,3447
413,1476,1476
414,937,2028
415,937,1198
416,937,962
417,5536,6294
418,5377,3016
419,937,3403
420,937,3242
421,6187,5822
422,5536,5249
423,937,1476
424,937,1343
425,0,585
426,937,937
427,937,5162
428,937,6036
429,909,909
430,937,3198
431,2122,2021
432,937,411
433,937,1661
434,937,2809
435,6187,2639
436,0,2287
437,937,1454
438,937,4799
439,937,59
440,2813,5431
441,937,1308
442,937,5194
443,6187,2199
444,937,6276
445,937,203
446,5377,4224
447,5377,4097
448,937,4660
449,4799,86
450,937,1077
451,5648,4799
452,5377,2442
453,1137,4080
454,1308,167
455,6241,5915
456,4799,1922
457,3978,59
458,937,2078
459,3978,3371
460,937,909
461,937,628
462,4266,5250
463,5377,5466
464,5536,3396
465,937,4685
466,937,3371
467,937,3735
468,145,2006
469,937,5377
470,937,1111
471,937,3333
472,937,1137
473,5536,6036
474,937,4059
475,5377,2599
476,2813,5014
477,937,4843
478,5377,5882
479,937,1790
480,937,1147
481,937,4827
482,5520,1567
483,937,167
484,937,5536
485,3228,6300
486,937,5648
487,6187,77
488,937,5816
489,937,323
490,308,937
491,3978,5375
492,937,4355
493,5536,6187
494,1476,1476
495,3978,3857
496,5377,6187
497,5136,3950
498,937,401
499,5536,2518
500,5377,4798
501,0,5636
502,5536,539
503,1495,6702
504,411,714
505,0,2945
506,6496,6496
507,6294,2412
508,4799,3228
509,2945,167
510,4799,3200
511,6187,6187
512,4799,1922
513,3097,5626
514,3978,848
515,937,4170
516,2122,4355
517,937,6349
518,46,3447
519,937,3670
520,937,3202
521,1308,2172
522,2122,4062
523,937,6403
524,5882,323
525,937,992
526,5536,5536
527,937,265
528,2945,1727
529,937,937
530,2122,323
531,3653,4856
532,937,3332
533,2021,4933
534,937,1785
535,0,1421
536,6187,4203
537,635,5648
538,937,145
539,937,1588
540,0,6241
541,937,4799
542,1856,59
543,6187,1495
544,937,1476
545,5377,2945
546,937,4563
547,4917,5648
548,2710,2710
549,5536,628
550,3653,3826
551,5536,4685
552,5377,6187
553,5536,937
554,937,5536
555,916,4561
556,4799,2471
557,2945,3311
558,2945,486
559,937,2409
560,937,1953
561,937,2122
562,937,4224
563,937,953
564,5882,5776
565,1454,6245
566,3978,1842
567,937,5377
568,2122,2122
569,5648,5439
570,937,2945
571,937,2647
572,5648,5648
573,2351,2351
574,332,332
575,937,4843
576,937,3334
577,3978,2805
578,937,3097
579,0,3833
580,937,937
581,937,1522
582,5536,4224
583,1320,1953
584,0,2744
585,937,464
586,3978,937
587,1308,1308
588,937,657
589,937,3556
590,5536,5536
591,5648,6464
592,6187,1308
593,0,2442
594,937,3071
595,4672,3886
596,937,3029
597,937,937
598,937,6187
599,0,6241
600,937,6241
601,937,962
602,937,2414
603,1790,2498
604,937,167
605,937,5377
606,937,1329
607,5377,5377
608,937,5536
609,2945,167
610,937,937
611,5536,5536
612,5377,3447
613,2518,2518
614,937,2813
615,1790,3579
616,2122,4060
617,579,1856
618,5774,4582
619,3978,2002
620,167,4030
621,3978,4335
622,937,937
623,937,2533
624,937,3200
625,0,650
626,937,962
627,2122,5884
628,937,1914
629,937,6711
630,2122,1790
631,5162,4038
632,6187,6187
633,937,5379
634,6421,2122
635,937,4380
636,937,3908
637,5774,3393
638,937,4335
639,4799,5948
640,937,1495
641,5377,1953
642,937,4266
643,937,5908
644,937,5431
645,937,5536
646,937,5884
647,937,2442
648,1476,1308
649,6187,1816
650,937,6328
651,635,4042
652,937,5071
653,1679,3738
654,937,1816
655,2122,6187
656,1308,4635
657,937,4639
658,937,4649
659,937,2351
660,3978,1476
661,2809,1914
662,937,5250
663,1308,154
664,5536,3146
665,937,5377
666,3978,6248
667,937,2172
668,3978,59
669,937,4799
670,1476,1476
671,2122,1571
672,937,4038
673,1476,3054
674,937,1679
675,937,2831
676,1308,5292
677,937,1597
678,0,3996
679,937,3396
680,937,3146
681,6187,2813
682,4799,491
683,5377,4726
684,5536,5106
685,2945,4632
686,0,2412
687,6187,3144
688,937,3144
689,937,3152
690,937,1783
691,937,3908
692,4266,3857
693,2809,1476
694,937,5030
695,937,1176
696,937,937
697,937,4048
698,1308,323
699,4799,3636
700,937,2122
701,6187,1914
702,0,5309
703,3622,1077
704,937,4677
705,937,2945
706,3978,2940
707,937,342
708,0,120
709,937,2442
710,937,4091
711,937,4506
712,3978,3978
713,937,3085
714,0,937
715,937,2813
716,937,5536
717,937,937
718,937,5536
719,937,2851
720,937,281
721,937,4216
722,0,6328
723,2021,4038
724,6422,943
725,1308,2813
726,937,1909
727,937,5030
728,6187,1903
729,167,1308
730,5882,6041
731,937,937
732,203,6653
733,1953,59
734,1819,1819
735,937,2122
736,0,5788
737,937,6294
738,937,5464
739,0,5430
740,1909,1156
741,4672,4544
742,4799,6648
743,937,6241
744,5136,265
745,937,3777
746,6187,2759
747,937,2208
748,5536,346
749,937,5536
750,937,4455
751,937,3385
752,4649,4649
753,937,3514
754,4672,4672
755,937,5648
756,0,1308
757,937,265
758,5536,4987
759,4799,4799
760,937,6178
761,937,4799
762,937,2945
763,937,1495
764,3653,2518
765,2414,2061
766,937,5119
767,3978,167
768,5536,3268
769,1308,2710
770,2122,4672
771,3554,3554
772,2945,2614
773,4799,6619
774,5536,5536
775,937,2613
776,937,3953
777,937,4038
778,937,4361
779,937,2945
780,937,2414
781,937,4617
782,0,5643
783,6187,4038
784,0,6126
785,937,1396
786,3978,977
787,6036,658
788,6187,6294
789,937,979
790,937,3554
791,937,3597
792,4009,5585
793,5648,4843
794,937,5648
795,937,4639
796,3097,1741
797,937,4038
798,265,265
799,937,203
800,937,1302
801,1308,4103
802,937,937
803,3978,4380
804,5377,5882
805,2122,4260
806,937,167
807,937,5882
808,1308,4917
809,937,1679
810,1790,4290
811,937,3653
812,2945,4635
813,5536,4582
814,0,6260
815,5136,2651
816,2122,628
817,937,6043
818,1308,664
819,1308,4544
820,5536,4373
821,5377,6036
822,1308,1382
823,937,6711
824,59,3202
825,937,167
826,937,4842
827,937,4677
828,937,3530
829,937,5408
830,937,4595
831,5136,3622
832,937,4379
833,937,1785
834,59,2634
835,937,3480
836,937,4561
837,5377,2442
838,0,937
839,3097,4162
840,937,543
841,937,5377
842,937,3144
843,937,1953
844,937,628
845,937,2710
846,2122,2945
847,1790,37
848,6187,1200
849,937,4335
850,167,2433
851,2464,2464
852,937,1318
853,937,956
854,1435,6386
855,2122,720
856,2945,5648
857,937,4373
858,0,937
859,937,3978
860,937,4582
861,6187,6187
862,937,238
863,3978,6229
864,6187,3152
865,5536,916
866,937,5648
867,6187,2122
868,937,3826
869,937,3332
870,1069,281
871,937,6187
872,962,962
873,5536,332
874,2122,1024
875,937,2485
876,5908,5908
877,323,6245
878,937,4827
879,2813,1476
880,4677,3978
881,0,6187
882,4038,1435
883,5536,3125
884,937,2120
885,937,527
886,937,2710
887,5536,2208
888,2122,1077
889,1953,1953
890,937,5533
891,3228,4843
892,2122,5663
893,5377,5882
894,937,4213
895,0,2518
896,937,3907
897,937,6384
898,937,937
899,937,3622
900,937,867
901,3978,3617
902,937,1495
903,6187,6187
904,0,1354
905,937,3447
906,937,3202
907,937,3658
908,937,167
909,937,4932
910,937,5566
911,6187,2358
912,937,145
913,167,3148
914,937,4582
915,937,6349
916,6187,2759
917,1807,3223
918,5536,3060
919,5536,2483
920,5774,5774
921,937,4266
922,937,2009
923,937,3596
924,937,937
925,4672,2122
926,937,1112
927,937,4685
928,937,937
929,4361,992
930,937,4692
931,937,909
932,937,4720
933,937,5536
934,3125,4853
935,3978,6187
936,5536,946
937,2945,6471
938,4799,4799
939,937,2408
940,4799,1914
941,937,937
942,937,5162
943,937,1816
944,937,1364
945,5377,2338
946,6187,2833
947,4799,3001
948,937,5377
949,937,1396
950,937,681
951,937,4013
952,3978,1790
953,937,5162
954,992,5512
955,937,5815
956,5536,5532
957,1308,2138
958,6496,6126
959,937,937
960,5204,3934
961,0,4349
962,3978,3148
963,937,3886
964,937,4796
965,6187,4009
966,2122,2122
967,2122,170
968,0,4207
969,937,4099
970,937,4945
971,937,2122
972,1308,1308
973,937,1354
974,0,2319
975,4543,5882
976,6187,5884
977,3653,937
978,937,6187
979,1308,1842
980,6187,6187
981,2122,5249
982,937,3447
983,937,59
984,937,3228
985,3223,3223
986,59,2945
987,6187,5884
988,6187,4038
989,937,6276
990,937,4639
991,937,3507
992,2813,5698
993,5774,5648
994,2518,6426
995,937,2710
996,909,909
997,5377,4799
998,937,6361
999,5377,5377
