2000,4639,4639
2001,6200,4544
2002,937,1308
2003,2710,6541
2004,5377,937
2005,937,694
2006,937,6429
2007,5377,167
2008,937,2518
2009,937,2809
2010,937,5377
2011,937,5468
2012,167,773
2013,937,5136
2014,937,2588
2015,937,6711
2016,5536,3514
2017,2122,6541
2018,4799,4827
2019,5377,6669
2020,5536,3036
2021,1816,6400
2022,937,5162
2023,937,3144
2024,265,1354
2025,3978,5418
2026,937,203
2027,5377,5516
2028,937,5439
2029,937,1435
2030,937,3125
2031,937,1476
2032,0,635
2033,937,5661
2034,937,4982
2035,3978,2757
2036,6496,6496
2037,167,59
2038,0,6646
2039,2518,6187
2040,0,1388
2041,5377,4599
2042,3978,3978
2043,0,2856
2044,937,3294
2045,0,2997
2046,937,6187
2047,937,5032
2048,2945,1476
2049,2813,55
2050,937,6276
2051,937,1381
2052,0,749
2053,937,310
2054,4266,5516
2055,937,2122
2056,3622,3653
2057,2122,17
2058,4544,3215
2059,3202,4038
2060,937,1842
2061,1476,4635
2062,937,4047
2063,937,3514
2064,5536,937
2065,937,167
2066,0,2464
2067,6516,4276
2068,3978,1196
2069,0,1816
2070,937,4945
2071,4266,4266
2072,0,3718
2073,2518,469
2074,2122,5536
2075,937,5227
2076,937,6422
2077,937,4565
2078,2945,530
2079,1308,3515
2080,6187,6669
2081,937,579
2082,937,351
2083,937,1955
2084,937,937
2085,937,937
2086,2651,59
2087,937,2651
2088,937,2945
2089,3978,2833
2090,167,3733
2091,1308,265
2092,1308,3447
2093,2122,2518
2094,2813,5882
2095,937,2478
2096,5162,5162
2097,937,677
2098,1495,59
2099,937,2375
2100,937,962
2101,0,2710
2102,937,6434
2103,937,3514
2104,5536,937
2105,5377,4317
2106,4799,3607
2107,937,1495
2108,5377,2460
2109,937,4260
2110,5377,6352
2111,937,2122
2112,5377,167
2113,0,5882
2114,4672,2021
2115,937,6026
2116,4799,3204
2117,937,1942
2118,4266,3735
2119,2813,4362
2120,937,2342
2121,5377,6187
2122,0,1856
2123,937,628
2124,937,2433
2125,937,5395
2126,937,4959
2127,5377,2813
2128,937,1298
2129,937,3371
2130,937,2414
2131,937,513
2132,2813,2813
2133,6711,5377
2134,937,3857
2135,6187,2771
2136,2351,1816
2137,4799,847
2138,937,56
2139,6187,4672
2140,937,4266
2141,5536,4224
2142,937,393
2143,6187,1829
2144,519,519
2145,937,2122
2146,5377,3749
2147,937,2518
2148,937,3309
2149,2122,5860
2150,5536,5648
2151,0,1298
2152,937,5884
2153,937,257
2154,937,80
2155,4544,585
2156,4672,5844
2157,937,628
2158,0,4373
2159,0,411
2160,937,1298
2161,937,3466
2162,937,4203
2163,2122,3622
2164,937,3385
2165,6241,684
2166,6187,423
2167,167,2437
2168,3097,3144
2169,6187,6116
2170,937,970
2171,937,1396
2172,937,579
2173,937,2208
2174,2021,167
2175,937,2098
2176,5377,366
2177,937,5510
2178,5536,3556
2179,937,5916
2180,5536,6422
2181,1495,2122
2182,937,308
2183,937,1077
2184,937,552
2185,5377,6187
2186,937,1522
2187,1909,1643
2188,937,1559
2189,2945,1495
2190,937,2021
2191,3978,691
2192,937,5080
2193,937,2809
2194,937,1679
2195,0,5932
2196,937,2442
2197,937,5585
2198,5377,5884
2199,937,1780
2200,2122,2167
2201,937,604
2202,0,4936
2203,2809,2809
2204,937,5377
2205,5377,6276
2206,937,6502
2207,937,5774
2208,937,2945
2209,937,5249
2210,3978,6103
2211,937,252
2212,937,3390
2213,167,167
2214,937,937
2215,1790,6483
2216,2122,4662
2217,5932,664
2218,5377,4639
2219,937,918
2220,5774,1488
2221,2609,3078
2222,0,2076
2223,5377,1198
2224,4799,4799
2225,5536,3510
2226,5536,1740
2227,3978,59
2228,937,585
2229,2710,1807
2230,1308,6241
2231,5377,1816
2232,3978,5297
2233,2813,6329
2234,937,1476
2235,3978,877
2236,1909,2369
2237,4945,5072
2238,2122,1321
2239,2945,2945
2240,3978,1842
2241,3554,4707
2242,4672,4290
2243,2945,3421
2244,937,6434
2245,0,622
2246,1816,1816
2247,937,3614
2248,4917,1554
2249,5536,2945
2250,937,733
2251,4799,4799
2252,13,4615
2253,937,6188
2254,937,778
2255,6187,4060
2256,937,3373
2257,1942,1942
2258,5536,4373
2259,0,3803
2260,937,2956
2261,5536,3228
2262,937,2945
2263,937,3738
2264,937,2471
2265,937,937
2266,1679,1679
2267,937,2938
2268,1308,2710
2269,937,3724
2270,6187,1476
2271,937,937
2272,2122,2375
2273,937,2900
2274,937,552
2275,937,5648
2276,6187,2813
2277,937,635
2278,937,937
2279,937,4582
2280,6187,4260
2281,937,6422
2282,0,1308
2283,1308,3540
2284,937,1476
2285,5536,3144
2286,937,6187
2287,937,937
2288,3240,3833
2289,937,411
2290,1308,1308
2291,937,1909
2292,5377,5510
2293,1048,1597
2294,2813,2945
2295,937,3003
2296,937,2813
2297,937,4038
2298,937,3857
2299,937,4335
2300,937,3556
2301,1476,3978
2302,937,2260
2303,937,1816
2304,937,4672
2305,2122,167
2306,3514,1488
2307,937,2442
2308,937,6713
2309,937,3371
2310,4799,3231
2311,6187,2122
2312,1679,1679
2313,5136,167
2314,3978,2602
2315,5536,5908
2316,937,6140
2317,2122,6161
2318,937,805
2319,937,1111
2320,3978,6514
2321,937,5204
2322,937,1495
2323,1816,2464
2324,937,4945
2325,1816,4959
2326,5377,3146
2327,1476,6126
2328,937,5468
2329,937,1435
2330,3978,1509
2331,937,6516
2332,5377,2518
2333,1790,4038
2334,937,866
2335,2813,2813
2336,937,2809
2337,937,4563
2338,5377,1137
2339,937,937
2340,937,415
2341,6187,1137
2342,937,1213
2343,5536,4579
2344,4799,2710
2345,937,4038
2346,937,4059
2347,59,1785
2348,937,4677
2349,4672,1308
2350,937,172
2351,5536,4038
2352,773,59
2353,937,5377
2354,937,3965
2355,937,3232
2356,5377,3097
2357,2945,6556
2358,5536,1296
2359,937,2549
2360,937,1872
2361,5536,4509
2362,937,937
2363,937,1783
2364,937,2442
2365,937,5553
2366,5377,59
2367,937,4009
2368,937,3528
2369,3978,4060
2370,937,5648
2371,937,3940
2372,937,4582
2373,937,5648
2374,937,2518
2375,3653,5161
2376,0,3864
2377,3978,4677
2378,6187,3657
2379,1308,1308
2380,0,5970
2381,937,937
2382,0,5181
2383,937,4194
2384,4677,909
2385,6187,3144
2386,992,2375
2387,5536,6248
2388,0,5323
2389,1308,1679
2390,6187,2945
2391,937,6187
2392,937,1566
2393,937,4844
2394,5377,5882
2395,937,2946
2396,937,61
2397,3978,2122
2398,937,5419
2399,937,2710
2400,5377,167
2401,937,3205
2402,937,5648
2403,937,2964
2404,937,6035
2405,0,3833
2406,2518,3653
2407,2809,3646
2408,937,4224
2409,1953,3447
2410,2518,5908
2411,3622,4725
2412,0,3421
2413,937,5648
2414,937,4544
2415,4317,281
2416,937,4349
2417,0,2631
2418,937,6188
2419,4799,972
2420,1495,5648
2421,2414,4543
2422,1953,3064
2423,937,937
2424,937,746
2425,1308,1308
2426,5536,3060
2427,5377,4799
2428,937,3144
2429,937,167
2430,5536,3622
2431,4672,4672
2432,937,552
2433,4582,4582
2434,3978,6187
2435,5536,5536
2436,937,5536
2437,4799,2616
2438,3857,5146
2439,937,4917
2440,937,3653
2441,58,1476
2442,937,3597
2443,937,4563
2444,937,2518
2445,3202,3228
2446,937,4009
2447,2813,3907
2448,937,4361
2449,937,1476
2450,937,4380
2451,0,2518
2452,5536,3311
2453,937,3934
2454,4672,2082
2455,937,802
2456,4335,59
2457,2813,469
2458,937,1388
2459,2122,962
2460,937,2651
2461,5536,1200
2462,937,1554
2463,937,6429
2464,3978,3978
2465,937,1598
2466,6187,2221
2467,937,2375
2468,937,3622
2469,937,1661
2470,937,579
2471,1308,6120
2472,962,962
2473,4799,5648
2474,1308,909
2475,937,4544
2476,4799,2809
2477,937,5636
2478,2813,4799
2479,1679,1116
2480,5536,5536
2481,937,3733
2482,937,937
2483,937,6434
2484,937,3255
2485,937,937
2486,937,2442
2487,5136,6152
2488,4799,2710
2489,6188,5536
2490,5454,5454
2491,937,1308
2492,937,6188
2493,1308,2061
2494,937,6422
2495,2945,579
2496,6433,3597
2497,937,1200
2498,3978,3483
2499,937,937
2500,1914,1914
2501,3978,3978
2502,937,5363
2503,2122,1011
2504,937,2564
2505,0,5275
2506,937,1308
2507,937,3996
2508,937,411
2509,59,4030
2510,937,5882
2511,937,628
2512,937,5465
2513,0,5575
2514,2122,3725
2515,937,2122
2516,1308,4475
2517,2710,5536
2518,0,3401
2519,937,80
2520,4799,2813
2521,5377,5377
2522,937,6241
2523,5536,3622
2524,937,6188
2525,4672,4290
2526,937,320
2527,1308,527
2528,937,2710
2529,3978,3212
2530,5536,4216
2531,1476,909
2532,3978,3978
2533,937,763
2534,937,2945
2535,1476,937
2536,937,5908
2537,0,6653
2538,3097,5317
2539,3978,2805
2540,937,1308
2541,937,962
2542,937,937
2543,2945,1382
2544,5377,3055
2545,937,937
2546,937,3908
2547,3978,530
2548,3978,6187
2549,5377,5882
2550,0,3202
2551,937,2564
2552,6187,6187
2553,0,3733
2554,1308,2455
2555,1679,5439
2556,4038,4677
2557,5536,2144
2558,3978,3396
2559,5119,5119
2560,5377,4224
2561,937,59
2562,2442,5377
2563,2122,6516
2564,937,2518
2565,937,4373
2566,937,2809
2567,6187,6100
2568,937,4791
2569,937,2945
2570,2518,6328
2571,937,2813
2572,5536,2790
2573,2809,6597
2574,167,5536
2575,937,5774
2576,937,61
2577,5377,5536
2578,937,4582
2579,937,4207
2580,5721,4373
2581,1298,5435
2582,937,5643
2583,5536,854
2584,937,1476
2585,937,3294
2586,5377,5536
2587,937,3202
2588,5774,3152
2589,2945,2414
2590,5536,4027
2591,1308,949
2592,5377,2518
2593,3978,401
2594,937,1816
2595,2945,3978
2596,4799,4799
2597,937,937
2598,937,1790
2599,937,1664
2600,937,4917
2601,3097,5030
2602,2945,2798
2603,937,3596
2604,6187,2945
2605,937,69
2606,2122,2916
2607,3978,4490
2608,937,5459
2609,6187,1554
2610,937,5585
2611,3097,947
2612,3228,909
2613,3978,2651
2614,6187,2021
2615,937,937
2616,2122,684
2617,937,5774
2618,937,203
2619,937,1772
2620,937,5466
2621,916,2790
2622,6422,5377
2623,937,3279
2624,937,1953
2625,5774,4289
2626,4799,4315
2627,4799,2809
2628,1720,2078
2629,937,4503
2630,2122,635
2631,4799,2809
2632,937,4435
2633,4799,4799
2634,1909,59
2635,4799,4799
2636,937,3653
2637,3146,3085
2638,937,2063
2639,937,3268
2640,3978,773
2641,1308,1308
2642,937,167
2643,1308,3540
2644,4266,4361
2645,4038,6386
2646,937,3554
2647,937,1035
2648,2945,5377
2649,937,2122
2650,3978,3371
2651,3978,2464
2652,937,5377
2653,203,4632
2654,0,5032
2655,937,1318
2656,937,4827
2657,5536,5908
2658,937,5807
2659,5377,5379
2660,4672,4617
2661,937,6248
2662,937,401
2663,2122,3060
2664,3653,1661
2665,937,59
2666,937,411
2667,2813,4317
2668,937,2122
2669,937,2208
2670,937,2809
2671,1679,1308
2672,0,6298
2673,937,4844
2674,937,2122
2675,2945,167
2676,6187,1308
2677,3978,6422
2678,937,59
2679,2122,6036
2680,937,327
2681,937,6328
2682,937,604
2683,5648,4917
2684,937,2374
2685,937,6352
2686,937,6349
2687,937,5884
2688,0,3864
2689,3978,4672
2690,2122,6384
2691,937,6276
2692,937,4627
2693,1308,2759
2694,1597,5815
2695,3978,937
2696,937,5636
2697,3978,530
2698,5377,5648
2699,937,4038
2700,5536,4178
2701,6187,1772
2702,1308,1470
2703,5536,5377
2704,937,3824
2705,937,5888
2706,937,2701
2707,4361,937
2708,937,1838
2709,2061,3595
2710,937,1816
2711,5536,1743
2712,2945,399
2713,4799,6648
2714,937,4162
2715,0,3597
2716,5536,2455
2717,5377,3597
2718,937,4799
2719,5648,4243
2720,937,6429
2721,80,4945
2722,937,2919
2723,58,802
2724,937,4478
2725,937,2122
2726,937,5884
2727,5536,5803
2728,5536,6476
2729,0,4539
2730,937,1909
2731,937,1922
2732,2122,47
2733,4672,1785
2734,937,5570
2735,5536,3401
2736,3978,3622
2737,937,2351
2738,937,1308
2739,937,2518
2740,3514,167
2741,937,937
2742,1790,2485
2743,2613,4289
2744,4799,4799
2745,937,6131
2746,937,4060
2747,937,5650
2748,937,3886
2749,6187,3483
2750,937,2956
2751,937,6711
2752,5536,5536
2753,0,203
2754,0,3371
2755,937,2528
2756,2375,2945
2757,6187,937
2758,937,4843
2759,6187,1454
2760,937,5249
2761,2613,5455
2762,2945,4027
2763,4799,2809
2764,937,802
2765,937,6610
2766,937,167
2767,0,3429
2768,937,2619
2769,937,5536
2770,937,4843
2771,1909,1390
2772,937,1816
2773,937,1112
2774,4799,694
2775,937,1189
2776,937,167
2777,2945,2945
2778,937,4582
2779,937,3833
2780,2122,1785
2781,1308,5632
2782,6610,2647
2783,937,937
2784,937,4543
2785,937,1150
2786,1112,1679
2787,937,1390
2788,5882,2078
2789,2581,3146
2790,167,3777
2791,0,281
2792,937,74
2793,6187,579
2794,937,5536
2795,937,3070
2796,937,5648
2797,937,1198
2798,5377,5882
2799,1559,1955
2800,937,2564
2801,937,3202
2802,937,5251
2803,3978,3978
2804,5377,6496
2805,937,2296
2806,6187,2122
2807,937,5609
2808,2945,1308
2809,3514,1573
2810,937,3742
2811,3978,3396
2812,773,1559
2813,937,552
2814,937,1035
2815,937,2433
2816,3978,2021
2817,1308,1308
2818,937,5377
2819,1396,1756
2820,937,2442
2821,937,4631
2822,937,1138
2823,5377,2813
2824,5377,1679
2825,2122,3908
2826,937,4945
2827,909,2122
2828,2122,477
2829,3978,4557
2830,937,6612
2831,4799,4188
2832,5377,5536
2833,937,5377
2834,4799,1679
2835,0,5216
2836,937,4361
2837,6187,1476
2838,937,59
2839,3978,3978
2840,4799,6669
2841,5204,5204
2842,937,3725
2843,937,59
2844,937,1308
2845,937,5536
2846,937,5536
2847,0,4509
2848,0,1597
2849,937,5323
2850,937,4929
2851,937,2710
2852,937,5119
2853,937,3969
2854,937,4361
2855,937,508
2856,6187,6682
2857,937,937
2858,937,2651
2859,6422,720
2860,937,2260
2861,1476,5648
2862,937,6610
2863,937,5536
2864,1308,1308
2865,937,2938
2866,0,684
2867,5377,6036
2868,937,3385
2869,937,1875
2870,937,3525
2871,937,552
2872,937,281
2873,937,4539
2874,937,1559
2875,937,2122
2876,1816,1083
2877,937,1816
2878,937,1381
2879,5377,4619
2880,1626,1022
2881,0,802
2882,2518,2518
2883,0,3653
2884,937,2122
2885,937,1454
2886,937,1772
2887,5536,6422
2888,5536,5536
2889,937,3540
2890,937,154
2891,937,5377
2892,937,3447
2893,2518,6110
2894,937,308
2895,937,4945
2896,0,6028
2897,4799,1515
2898,937,6215
2899,937,6512
2900,937,4373
2901,937,167
2902,3978,3483
2903,5377,1858
2904,937,898
2905,937,5162
2906,937,2900
2907,0,2101
2908,937,527
2909,937,6017
2910,937,234
2911,3978,1785
2912,5536,6152
2913,4672,1956
2914,3097,5536
2915,1308,255
2916,937,916
2917,937,937
2918,937,937
2919,937,1514
2920,3978,4619
2921,937,4097
2922,937,6422
2923,5536,5636
2924,4799,1566
2925,937,6187
2926,937,6187
2927,2122,2759
2928,3597,4799
2929,937,2710
2930,937,3202
2931,937,1614
2932,1308,1308
2933,937,684
2934,937,962
2935,937,5270
2936,937,5531
2937,5377,3042
2938,937,962
2939,6187,6669
2940,2122,5312
2941,5536,2755
2942,0,4572
2943,937,4048
2944,937,3622
2945,3978,4619
2946,937,4748
2947,937,979
2948,6187,6187
2949,937,5654
2950,5536,2332
2951,937,5536
2952,937,1679
2953,5377,6187
2954,3371,3427
2955,1790,3284
2956,5648,5648
2957,4799,1701
2958,58,2813
2959,937,167
2960,0,1308
2961,937,937
2962,5536,886
2963,937,937
2964,937,1625
2965,2122,5455
2966,2021,2021
2967,937,5536
2968,2809,6072
2969,937,4362
2970,2122,59
2971,2813,2813
2972,3078,3682
2973,5536,3653
2974,937,3653
2975,937,4327
2976,1308,4203
2977,2122,5408
2978,1790,2752
2979,4543,6036
2980,937,4799
2981,4799,2438
2982,2122,265
2983,3978,2900
2984,937,1743
2985,5377,3527
2986,3978,1454
2987,1308,4799
2988,4266,1120
2989,0,513
2990,2945,4043
2991,0,1138
2992,937,530
2993,1308,3597
2994,5536,2518
2995,937,5072
2996,937,3616
2997,937,937
2998,5377,5882
2999,5536,5080
